0.0
0.09756028202228006
0.19033570604275768
0.2784667946044919
0.3620922169944898
0.44134872199268993
0.51637107641496
0.587292009219681
0.6542421609529607
0.7173500383129688
0.7767419736193101
0.8325420889787458
0.8848722649439345
0.933852113467179
0.9795989549564467
1.0222277992461526
1.0618513303003765
1.098579894471301
1.1325214921407258
1.1637817725775113
1.1924640318487454
1.2186692136272992
1.2424959127432387
1.2640403813312935
1.283396537431245
1.30065597590268
1.3159079815200638
1.3292395441185265
1.3407353756651001
1.3504779291344284
1.3585474190721576
1.365021843733336
1.369977008687174
1.3734865517834753
1.3756219693799023
1.3764526437330384
1.3760458714598942
1.3744668929801356
1.3717789228528348
1.3680431809250042
1.363318924212539
1.3576634794374782
1.3511322761487055
1.3437788803563235
1.3356550286129916
1.3268106624784632
1.3172939633064573
1.3071513872957896
1.2964277007504228
1.285166015495741
1.2734078244009268
1.261193036959816
1.248560014885029
1.2355456076725264
1.2221851880960173
1.208512687592849
1.19456063150515
1.1803601741420608
1.1659411336308891
1.1513320265269584
1.1365601021537879
1.1216513766470437
1.106630666677443
1.0915216228294715
1.076346762614395
1.061127503097601
1.0458841931218128
1.0306361451091581
1.0154016664264702
1.0001980902995251
0.9850418062632115
0.9699482901358498
0.9549321335070661
0.9400070727297499
0.9251860174077139
0.9104810783717032
0.8959035951373997
0.8814641628400066
0.8671726586409055
0.8530382676027386
0.8390695080300881
0.8252742562737072
0.8116597709969983
0.7982327169041401
0.784999187929934
0.771964729892073
0.7591343626071384
0.7465126014721937
0.7341034785143827
0.7219105629114416
0.7099369809865087
0.6981854356810627
0.6866582255102369
0.675357263005147
0.6642840926472363
0.6534399082999817
0.6428255701436176
0.6324416211188311
0.6222883028856475
0.6123655713039785
0.6026731114425282
0.5932103521229652
0.5839764800064547
0.5749704532298161
0.5661910145987256
0.5576367043455185
0.5493058724592674
0.541196690595916
0.5333071635763391
0.5256351404802767
0.5181783253441505
0.5109342874708234
0.503900471359398
0.4970742062631796
0.4904527153839411
0.48403312471063387
0.47781247151068407
0.4717877124819974
0.4659557315737742
0.46031334748420333
0.45485732084306535
0.4495843610872264
0.4444911330369527
0.4395742631809128
0.4348303456776689
0.43025594808138634
0.4258476167994125
0.4216018822892922
0.41751526400270134
0.41358427508368745
0.4098054268285098
0.406175232914274
0.4026902134034515
0.39934689853127026
0.39614183228285316
0.3930715757668713
0.3901327103923646
0.3873218408552684
0.3846355979410673
0.3820706411498793
0.379623661150154
0.3772913820670473
0.37507056361141516
0.3729580030552443
0.3709505370592177
0.36904504335798805
0.36723844230860914
0.3655276983074538
0.36390982108082154
0.3623818668543178
0.3609409394059641
0.3595841910078767
0.3583088232612291
0.3571120878290953
0.3559912870716492
0.3549437745880779
0.35396695566944963
0.35305828766665887
0.35221528027745774
0.35143549575646815
0.35071654905195626
0.35005610787304015
0.3494518926908919
0.3489016766773863
0.34840328558454325
0.3479545975680042
0.3475535429576811
0.34719810397861417
0.3468863144249742
0.34661625929004797
0.3463860743549487
0.34619394573869827
0.34603810941223573
0.34591685067881567
0.3458285036231707
0.34577145053172476
0.34574412128605964
0.3457449927317518
0.3457725880246172
0.34582547595631935
0.3459022702612206
0.3460016289062781
0.3461222533657136
0.34626288788211257
0.3464223187155377
0.34659937338217434
0.34679291988395616
0.3470018659305564
0.3472251581550652
0.34746178132461286
0.3477107575471376
0.3479711454754401
0.3482420395096088
0.3485225689988458
0.3488118974436709
0.34910922169942765
0.3494137711819677
0.3497248070763397
0.3500416215492627
0.3503635369661191
0.3506899051131572
0.3510201064255531
0.3513535492219387
0.35168966894596404
0.35202792741542477
0.3523678120794474
0.3527088352841909
0.35305053354748855
0.35339246684282133
0.3537342178929822
0.35407539147376116
0.3544156137279511
0.35475453148994696
0.3550918116211835
0.3554271403566317
0.35576022266254953
0.3560907816056577
0.35641855773389064
0.35674330846884994
0.35706480751006753
0.3573828442511658
0.35769722320798397
0.3580077634587219
0.3583142980961346
0.35861667369179706
0.3589147497724408
0.3592083983083517
0.359497503213803
0.3597819598594862
0.36006167459688826
0.3603365642945549
0.36060655588616536
0.3608715859303369
0.36113160018206675
0.3613865531757087
0.3616364078193765
0.36188113500065455
0.36212071320349276
0.3623551281361529
0.36258437237006913
0.3628084449894795
0.36302735125167945
0.3632411022577437
0.36344971463355896
0.3636532102210056
0.36385161577912273
0.36404496269508835
0.3642332867048433
0.36441662762318466
0.3645950290831538
0.36476853828454
0.3649372057513215
0.3651010850978632
0.36526023280368947
0.3654147079966501
0.36556457224429767
0.36570988935329246
0.3658507251766534
0.3659871474286725
0.3661192255073105
0.3662470303238933
0.36637063413992776
0.3664901104108591
0.36660553363659004
0.36671697921858604
0.36682452332339044
0.3669282427523765
0.3670282148175634
0.3671245172233264
0.3672172279538327
0.3673064251660369
0.36739218708807103
0.36747459192286863
0.3675537177568615
0.3676296424735931
0.3677024436720926
0.367772198589858
0.3678389840302977
0.3679028762944835
0.36796395111706987
0.36802228360623773
0.36807794818752326
0.36813101855139435
0.3681815676044415
0.3682296674240513
0.368275389216434
0.3683188032778795
0.3683599789591185
0.3683989846326685
0.36843588766304775
0.36847075437974114
0.36850365005280716
0.36853463887101606
0.36856378392241274
0.36859114717720054
0.36861678947284465
0.36864077050129657
0.36866314879824424
0.3686839817342938
0.36870332550799284
0.368721235140607
0.36873776447256434
0.36875296616148395
0.3687668916817091
0.368779591325266
0.3687911142041726
0.3688015082540245
0.36881082023878625
0.36881909575671945
0.36882637924738154
0.36883271399963063
0.368838142160574
0.36884270474540076
0.36884644164804087
0.36884939165259356
0.3688515924454729
0.36885308062821737
0.3688538917309142
0.36885406022619016
0.36885361954372237
0.3688526020852253
0.3688510392398708
0.3688489614001003
0.36884639797779034
0.3688433774207329
0.3688399272293959
0.3688360739739277
0.3688318433113743
0.36882726000307664
0.36882234793221824
0.3688171301214947
0.36881162875087775
0.36880586517544756
0.368799859943269
0.3687936328132882
0.3687872027732268
0.36878058805745373
0.36877380616481353
0.3687668738763931
0.3687598072732085
0.3687526217537955
0.36874533205168764
0.3687379522527678
0.368730495812478
0.3687229755728759
0.3687154037795247
0.368707792098206
0.36870015163144426
0.3686924929348344
0.3686848260331617
0.3686771604363075
0.3686695051549321
0.36866186871592815
0.36865425917763855
0.36864668414483254
0.36863915078343545
0.3686316658350074
0.3686242356309669
0.3686168661065557
0.3686095628145421
0.3686023309386604
0.3685951753067836
0.3685881004038286
0.3685811103843923
0.36857420908511707
0.3685674000367864
0.3685606864761494
0.36855407135747487
0.368547557363835
0.3685411469181202
0.3685348421937854
0.3685286451253295
0.3685225574185093
0.36851658056028985
0.36851071582853323
0.36850496430142804
0.3684993268666618
0.368493804230339
0.36848839692564744
0.36848310532127593
0.3684779296295862
0.3684728699145426
0.368467926099402
0.36846309797416854
0.36845838520281565
0.3684537873302795
0.36844930378922763
0.36844493390660604
0.36844067690996907
0.3684365319335957
0.36843249802439615
0.36842857414761293
0.3684247591923204
0.36842105197672625
0.3684174512532803
0.3684139557135929
0.3684105639931687
0.3684072746759587
0.3684040862987355
0.36840099735529513
0.3683980063004901
0.3683951115540973
0.3683923115045255
0.36838960451236524
0.3683869889137867
0.36838446302378786
0.3683820251392986
0.368379673542143
0.368377406501865
0.3683752222784205
0.3683731191247399
0.36837109528916523
0.3683691490177645
0.3683672785565284
0.36836548215345144
0.3683637580605023
0.3683621045354862
0.3683605198438027
0.3683590022601029
0.3683575500698485
0.36835616157077694
0.368354835074275
0.3683535689066645
0.3683523614104028
0.36835121094520173
0.36835011588906735
0.3683490746392634
0.36834808561320204
0.36834714724926354
0.36834625800754867
0.3683454163705658
0.36834462084385544
0.3683438699565551
0.36834316226190633
0.3683424963377068
0.36834187078670966
0.3683412842369724
0.3683407353421575
0.36834022278178713
0.3683397452614537
0.3683393015129886
0.36833889029459105
0.36833851039091897
0.36833816061314373
0.36833783979897067
0.3683375468126272
0.36833728054481985
0.3683370399126625
0.3683368238595768
0.368336631355167
0.36833646139507004
0.36833631300078273
0.36833618521946737
0.3683360771237371
0.3683359878114224
0.3683359164053199
0.36833586205292473
0.36833582392614783
0.3683358012210187
0.36833579315737586
0.3683357989785443
0.368335817951003
0.36833584936404185
0.3683358925294097
0.36833594678095394
0.3683360114742533
0.3683360859862438
0.3683361697148387
0.3683362620785442
0.3683363625160703
0.36833647048593826
0.36833658546608505
0.3683367069534657
0.36833683446365395
0.3683369675304414
0.3683371057054363
0.36833724855766253
0.36833739567315826
0.3683375466545761
0.368337701120784
0.3683378587064684
0.3683380190617387
0.3683381818517347
0.3683383467562368
0.3683385134692787
0.36833868169876427
0.3683388511660874
0.368339021605756
0.36833919276502025
0.3683393644035052
0.3683395362928475
0.36833970821633777
0.36833987996856693
0.36834005135507836
0.36834022219202506
0.368340392305832
0.36834056153286426
0.3683407297191006
0.3683408967198128
0.3683410623992508
