0.0
-1.8119397339484478
4.325820020580126
17.98998237660164
38.77048853581934
66.27031067020728
100.1052402090527
139.9036720226485
185.30638497298193
235.96631928145396
291.5483511438822
351.7290650037839
416.1965238762022
484.65003809611636
556.7999328477723
632.3673148140617
711.0838382683754
792.6914709151424
876.9422597695395
963.5980973516084
1052.4304884552384
1143.2203177381664
1235.7576183652866
1329.8413419241642
1425.279129818676
1521.8870863341874
1619.4895535555586
1717.918888307604
1817.0152412763482
1916.6263384585561
2016.607265076539
2116.820252085149
2217.1344653881592
2317.4257978718924
2417.57666435497
2517.4757995444365
2617.018059080213
2716.1042237419124
2814.6408068844016
2912.5398651612213
3009.718812587967
3106.1002379910674
3201.611725881005
3296.1856807829145
3389.759155051693
3482.273680193195
3573.6751017078104
3663.9134174677015
3752.942619634186
3840.720540117246
3927.2086995748123
4012.3721599454316
4096.179380504056
4178.602077427072
4259.615086849244
4339.196231392024
4417.32619013964
4493.988372036547
4569.1687926771065
4642.855954455931
4715.0407300449415
4785.716249161063
4854.8777885864665
4922.522665401384
4988.650133387837
5053.26128256104
5116.358941783773
5177.947584417749
5238.033236964768
5296.623390649404
5353.726915894016
5409.353979635993
5463.515965436442
5516.225396328842
5567.495860355661
5617.341938740447
5665.779136642565
5712.823816441407
5758.493133496751
5802.804974331742
5845.777897184942
5887.431074877878
5927.784239944568
5966.8576319696585
6004.671947081936
6041.248289550254
6076.608125429178
6110.773238201966
6143.765686368931
6175.607762929555
6206.321956707296
6235.930915466415
6264.457410770764
6291.924304534956
6318.354517219005
6343.770997618059
6368.196694199573
6391.654527940852
6414.167366620634
6435.758000519075
6456.449119481181
6476.263291299548
6495.222941372915
6513.350333597903
6530.667552452009
6547.196486226733
6562.958811370535
6577.975977902038
6592.269195854801
6605.85942271568
6618.767351819694
6631.013401665067
6642.617706112952
6653.600105437138
6663.980138189881
6673.777033850744
6683.009706226231
6691.696747568677
6699.856423383775
6707.506667896822
6714.665080148587
6721.348920692466
6727.575108865405
6733.360220605747
6738.720486791996
6743.671792077205
6748.229674194414
6752.409323709327
6756.225584197106
6759.692952820882
6762.8255812902635
6765.637277178847
6768.141505580352
6770.3513910837155
6772.279720048113
6773.938943159503
6775.341178250959
6776.498213369623
6777.42151007374
6778.122206943847
6778.611123292734
6778.898763059392
6778.995318872691
6778.91067627112
6778.654418065391
6778.235828831288
6777.663899520623
6776.94733217864
6776.094544756719
6775.113676009702
6774.0125904676
6772.798883471893
6771.479886267106
6770.06267113871
6768.554056588844
6766.960612541764
6765.288665571283
6763.544304142858
6761.733383863373
6759.861532731956
6757.9341563856005
6755.956443333619
6753.933370175335
6751.869706795688
6749.7700215337845
6747.638686319652
6745.479881774815
6743.2976022725115
6741.095660953694
6738.877694695173
6736.647169026525
6734.407382992635
6732.161473958939
6729.9124223567
6727.663056365804
6725.416056532831
6723.1739603222995
6720.9391665991825
6718.713940041027
6716.500415478072
6714.300602160041
6712.116387948384
6709.949543432881
6707.801725971722
6705.674483654255
6703.569259185785
6701.487393693873
6699.430130455752
6697.398618546574
6695.393916408291
6693.416995339141
6691.468742903695
6689.549966263647
6687.661395429509
6685.803686433524
6683.9774244241335
6682.183126682474
6680.421245561385
6678.692171347512
6676.996235047137
6675.333711096432
6673.704819996876
6672.109730876639
6670.548563978761
6669.021393077013
6667.528247820385
6666.069116007123
6664.643945789328
6663.252647809159
6661.8950972676375
6660.57113592719
6659.280574048988
6658.023192266193
6656.798743394296
6655.6069541796305
6654.447526987276
6653.3201414295
6652.224455935931
6651.16010926664
6650.126721969349
6649.123897781936
6648.1512249814605
6647.208277680905
6646.2946170748155
6645.409792635083
6644.553343257998
6643.724798363821
6642.923678950038
6642.149498599454
6641.401764444327
6640.679978087682
6639.983636482958
6639.312232773126
6638.6652570904125
6638.042197317732
6637.442539812938
6636.865770096981
6636.3113735070365
6635.778835815687
6635.267643817158
6634.777285881699
6634.307252479054
6633.857036672072
6633.426134581408
6633.014045822277
6632.620273914226
6632.2443266648215
6631.885716528194
6631.543960939308
6631.218582624837
6630.9091098915105
6630.615076892757
6630.336023874467
6630.0714974006805
6629.8210505599845
6629.584243153376
6629.360641864345
6629.149820411906
6628.951359687293
6628.7648478749925
6628.589880558824
6628.426060813687
6628.2729992836485
6628.130314246969
6627.997631668687
6627.874585241356
6627.760816414483
6627.655974413249
6627.559716247039
6627.471706708301
6627.391618362255
6627.3191315279255
6627.253934250995
6627.195722268913
6627.144198968732
6627.099075338082
6627.0600699097195
6627.026908700026
6626.99932514188
6626.977060012239
6626.959861354837
6626.94748439829
6626.939691470008
6626.936251906183
6626.936941958201
6626.941544695751
6626.949849906931
6626.961653995635
6626.9767598764565
6626.994976867399
6627.016120580601
6627.040012811341
6627.066481425513
6627.095360245809
6627.126488936808
6627.15971288914
6627.194883102954
6627.231856070826
6627.270493660295
6627.310662996172
6627.352236342801
6627.395090986366
6627.439109117437
6627.4841777138345
6627.530188423968
6627.577037450733
6627.624625436109
6627.672857346517
6627.721642359076
6627.770893748807
6627.8205287769
6627.870468580103
6627.9206380612995
6627.970965781372
6628.02138385237
6628.071827832082
6628.122236620029
6628.172552354953
6628.222720313831
6628.272688812447
6628.322409107591
6628.371835300868
6628.420924244188
6628.469635446937
6628.517930984866
6628.565775410693
6628.613135666472
6628.659980997694
6628.706282869179
6628.7520148827225
6628.797152696529
6628.8416739464255
6628.885558168852
6628.928786725642
6628.9713427305605
6629.013210977627
6629.05437787119
6629.094831357761
6629.134560859577
6629.173557209908
6629.21181259007
6629.249320468135
6629.28607553933
6629.322073668101
6629.357311831819
6629.391788066126
6629.425501411869
6629.458451863639
6629.490640319862
6629.5220685344375
6629.552739069888
6629.582655252009
6629.611821125992
6629.640241413975
6629.667921474029
6629.694867260532
6629.7210852859125
6629.746582583726
6629.7713666730615
6629.795445524218
6629.818827525656
6629.841521452183
6629.863536434332
6629.884881928941
6629.905567690873
6629.925603745866
6629.945000364482
6629.9637680371325
6629.981917450149
6629.999459462871
6630.016405085728
6630.032765459307
6630.048551834323
6630.06377555255
6630.078448028615
6630.092580732664
6630.10618517388
6630.119272884796
6630.131855406428
6630.143944274156
6630.155551004349
6630.166687081735
6630.177363947446
6630.187592987749
6630.197385523434
6630.206752799828
6630.2157059774345
6630.224256123144
6630.232414202032
6630.240191069698
6630.247597465139
6630.254644004132
6630.261341173111
6630.26769932351
6630.273728666574
6630.2794392686
6630.2848410466
6630.289943764368
6630.2947570289325
6630.299290287385
6630.303552824061
6630.307553758054
6630.3113020410765
6630.314806455604
6630.318075613338
6630.321117953937
6630.323941744031
6630.326555076484
6630.328965869897
6630.331181868355
6630.333210641388
6630.3350595841375
6630.336735917725
6630.338246689807
6630.339598775307
6630.340798877309
6630.341853528116
6630.3427690904455
6630.343551758775
6630.344207560802
6630.344742359038
6630.34516185251
6630.345471578566
6630.345676914772
6630.345783080914
6630.345795141068
6630.345718005748
6630.345556434131
6630.34531503634
6630.344998275784
6630.344610471542
6630.344155800816
6630.343638301394
6630.3430618741695
6630.342430285691
6630.341747170719
6630.341016034826
6630.340240257007
6630.339423092295
6630.338567674401
6630.337677018343
6630.336754023094
6630.335801474215
6630.334822046497
6630.333818306587
6630.332792715605
6630.331747631761
6630.330685312932
6630.329607919254
6630.328517515669
6630.327416074466
6630.326305477789
6630.325187520131
6630.324063910793
6630.322936276316
6630.321806162887
6630.320675038716
6630.3195442963715
6630.3184152550975
6630.3172891630775
6630.31616719969
6630.315050477697
6630.313940045421
6630.3128368888765
6630.311741933856
6630.310656047991
6630.309580042768
6630.308514675503
6630.307460651276
6630.306418624845
6630.30538920248
6630.304372943804
6630.303370363562
6630.302381933355
6630.301408083353
6630.300449203941
6630.299505647343
6630.298577729205
6630.297665730129
6630.296769897181
6630.29589044535
6630.295027558973
6630.294181393121
6630.293352074945
6630.292539704987
6630.291744358457
6630.290966086466
6630.290204917226
6630.289460857221
6630.288733892325
6630.288023988908
6630.287331094896
6630.286655140789
6630.285996040664
6630.2853536931325
6630.28472798227
6630.284118778515
6630.283525939534
6630.282949311066
6630.282388727714
